"","feat_1","feat_2","feat_3","feat_4","feat_5","feat_6","feat_7","feat_8","feat_9","feat_10","feat_11","feat_12","feat_13","feat_14","feat_15","feat_16","feat_17","feat_18","feat_19","feat_20","feat_21","feat_22","feat_23","feat_24","feat_25","feat_26","feat_27","feat_28","feat_29","feat_30","feat_31","feat_32","feat_33","feat_34","feat_35","feat_36","feat_37","feat_38","feat_39","feat_40","feat_41","feat_42","feat_43","feat_44","feat_45","feat_46","feat_47","feat_48","feat_49","feat_50","feat_51","feat_52","feat_53","feat_54","feat_55","feat_56","feat_57","feat_58","feat_59","feat_60","feat_61","feat_62","feat_63","feat_64","feat_65","feat_66","feat_67","feat_68","feat_69","feat_70","feat_71","feat_72","feat_73","feat_74","feat_75","feat_76","feat_77","feat_78","feat_79","feat_80","feat_81","feat_82","feat_83","feat_84","feat_85","feat_86","feat_87","feat_88","feat_89","feat_90","feat_91","feat_92","feat_93"
"feat_1",1,0.0313318700677888,-0.0278068998766764,-0.0275294084857235,0.0429730925557247,0.043603032785979,0.298951716664783,0.0563205507962435,-0.0322849596519366,0.0977764493592586,-0.0429275525255092,0.0569340978840281,0.139254426688671,0.0635171177617367,-0.0457379529548749,0.0270864392041152,0.0530041793760159,0.0848562359389609,0.0023024988285444,0.0705114876505186,-0.0270256006076462,0.0632831092250776,0.0486857563853783,0.0672554889469468,0.187236970278282,-0.0228125938712257,-0.0388256703479175,-0.0302565871605019,0.0692656750688476,0.0331081503715506,-0.0112103428485473,0.0613614418483969,0.0494536696493039,-0.0427557622425259,-0.0106670461444012,0.0954747585230462,0.0823062148830913,0.104666279778724,0.00689813446970865,0.0536027054247659,0.0809604110405731,0.073610586869764,0.00888367451321566,0.0904387074793825,0.00860127853424922,-0.0406469271298619,0.0264634790445619,0.130564088882294,0.0111793155865426,0.040114314835082,0.000901697943483374,-0.0130822943480557,0.156400363982013,0.00139899173282282,0.165043760831697,0.015737922441008,-0.0145984825726877,0.0286963140633493,0.139364147568201,-0.0202673680623327,-0.0381238889177703,0.091635598342901,0.0697992697546058,-0.0104994433951444,0.110040969702329,0.0530102021769824,0.154300984606093,0.0146741043773961,0.0075438359708082,0.165442046172643,0.0137115530347344,-0.0299828766416122,0.140814624192629,0.0513652632546058,0.0115961877271571,0.153807920321964,0.123751637458316,0.279201821587977,0.228912328894082,-0.0133032166909608,0.0324271623799631,-0.0260848917316617,0.0591650409123389,0.0496338906822195,-0.00873883813830673,0.107946915191823,0.0893741222046481,0.0208295520094919,0.0968507360161832,0.0103103099535434,0.0372643229892049,0.0547765500420591,0.081782921161386
"feat_2",0.0313318700677888,1,0.0825729442257641,0.134987018715823,0.0209259704253146,0.0413433264011068,0.222386098032272,0.0198147735823059,-0.0256300876816287,0.0519250119930077,0.1185337779396,0.0901526974797719,0.157466719976686,-0.0700570885513729,-0.0487975139086557,0.108045555146276,0.0749015003937227,0.242715963458008,0.176654851901831,0.449160384412864,0.0141128974642016,0.215105663080336,0.162065041774589,0.253684079392934,-0.0963659186892705,0.0648558265090579,0.0378413338026206,0.0724940345297434,0.025689023909198,0.0268962456835834,0.1932160744236,0.0876987737843859,-0.0339274410870602,-0.0267170192975853,0.293373875215765,0.0269879815646828,0.124475022206751,0.373022338956713,0.0206259236470686,-0.0578896161637358,0.0721198818689609,0.0438630668513896,0.0176000841194698,0.208450453101146,0.0182587309391996,0.0424908242819998,0.0145736899091258,0.0233104974676073,0.31127813314713,0.0716642642854729,0.0853448902787079,0.105527828647775,-0.00801476948507516,0.17917303954057,0.13461669513814,0.0189083809544341,0.104263474204716,0.371146152310847,-0.013282985110536,0.0182193900212177,0.0638732583862137,0.0290402762486146,0.0370201481467009,-0.00535377597057837,0.0788008431259317,0.175620082644833,0.0686666940026614,-0.0128019788362457,0.307406399448404,0.112968330743765,-0.00233617793035723,-0.0232672291832772,0.0391915106798907,0.0707237336633022,0.093688751780291,0.259359884003154,0.0149108268669037,0.094256051122177,0.0336684388940358,0.155767920941613,0.0521010953590995,0.11910899690924,0.371690900693432,0.00984540247290054,-0.00676378091382989,-0.0390896137071528,0.0474514802316115,-0.0470354708835623,0.10552714452554,0.515021939788185,0.0263828340481201,-0.00821939084441863,0.0545931378624803
"feat_3",-0.0278068998766764,0.0825729442257641,1,0.583523220346037,0.0108796650982775,0.00428770811178348,0.00129373663678943,-0.053461597125829,-0.0635512898888487,0.0369438391793158,0.596243007661645,0.0500369721399354,0.0138699639160968,-0.111104981251873,-0.0652848072970547,0.221425591330151,-0.0230930477413839,0.115655342604987,-0.0122284493676267,-0.0110694689509459,0.354924691160674,0.251081508349517,-0.00242666653887181,-0.031596096629224,-0.157458906917395,0.268112128669057,0.508369580902066,0.551397909152283,-0.00414063537522504,-0.00766678399664255,0.138548368892737,-0.0537532171494207,-0.0785204350358035,-0.0397652098667278,0.233923007254152,-0.0343050721362521,-0.0294246411743579,0.046096587864333,-0.0162786909974307,-0.0945108815483077,-0.0289200680738715,0.0366051178525654,-0.0140679474723165,0.242900942702244,-0.00798421684640952,0.777517286909063,-0.00956020870126907,-0.111987163917413,0.242691775934717,-0.0167646764973076,0.0319794861615444,0.169110912311023,-0.0242217035753388,0.694048371509772,0.0554451694173741,0.0162875606485338,0.0188872193079427,0.0345055622941545,-0.0217167656193596,0.0113689133032706,0.494880764443642,0.0107326966251961,0.0312413281408767,-0.0651046753507106,0.0654915003943753,0.0880166742146599,-0.110081035593311,-0.0309924076131736,-0.0327480602495412,-0.0187738008008519,-0.0530196505311749,-0.0453394137377221,-0.013971682995948,0.041558992453484,-0.0447242371372851,-0.0286695380978643,-0.0015839189644686,-0.0219785514438554,-0.0205656350575724,0.442035987428274,0.0130893629502849,0.438457571510043,-0.0199140162258386,0.0111590034918571,-0.0486258916918848,-0.0960934633414122,-0.00983762273317093,-0.0823363227826486,0.174781329225628,-0.0150675553259919,-0.0124168185554456,0.0669207687911704,0.00681413797174457
"feat_4",-0.0275294084857235,0.134987018715823,0.583523220346037,1,0.0172902555505368,0.0140589520335026,0.0144898079396931,-0.0461840660471003,-0.0462497709670823,0.0595139644977865,0.389409225315786,0.0574335611100402,0.0289731675151576,-0.0992148997189687,-0.0512215538126464,0.211077977613167,-0.00755386667774499,0.214895224071596,-3.51910676290241e-07,0.0446565705512147,0.232922686582837,0.24773775658,0.0306222471316789,0.00372772553945427,-0.134230565586536,0.365756733673381,0.308628668640862,0.486417089573557,0.0142706552133802,-0.000873399084444647,0.351262737473628,-0.0367303656811959,-0.0548191628598932,-0.0290872943374267,0.554474142933159,-0.0296596789899315,-0.0106459027071977,0.0924876377311332,-0.00269956081375643,-0.0768045244081212,-0.00997683194713383,0.0713972214458511,-0.000893061144149816,0.23866546559983,-0.00280914927244766,0.436273526459206,-0.0129144985055317,-0.08578788550428,0.300010902662927,0.00534343240146643,0.0416465930052443,0.209516996232918,-0.0163081490310103,0.525455656742923,0.070077132984338,0.0196179190329836,0.0694619944238016,0.0391028588925193,-0.0158016791942161,0.0689004658737733,0.354402276574497,0.0252277250497606,0.0599027355106386,-0.0472881303636456,0.0622847166640382,0.129654480130481,-0.0804569446546109,-0.0200919064724404,-0.0144608183932519,0.0207977880407428,-0.0424126827711501,-0.0297957762073824,-0.0112854717042631,0.0490973521847829,-0.0314538898430331,-0.0137918793410572,0.015317734225701,-0.0144985603677942,-0.0108347260495979,0.405772463429636,0.0282837698925576,0.43654128615858,-0.00105187416917092,0.00568449884945949,-0.0331534347216941,-0.0710291617319766,0.00505472754783321,-0.067483667772966,0.18371454871118,0.00945406148424271,-0.0103124072040289,0.0876310533474677,0.0157456259962087
"feat_5",0.0429730925557247,0.0209259704253146,0.0108796650982775,0.0172902555505368,1,0.145355494222358,0.0750471364486358,0.0358614274656981,-0.0247078658203055,0.0913238756300795,0.00488226219268045,0.0366676784053098,0.0590809267503304,-0.037606804719942,-0.00699982606228517,0.0628772453569753,0.0621967329872393,0.0521859189062891,-0.00855596579859384,0.046200269275354,0.00328793943869901,0.0751611114043007,0.0172812977528772,0.0752219972629188,-0.00361032563981906,0.0251155492065843,0.00209776810671491,0.0476876329199062,0.0659572830171997,0.318116946090005,0.013188346388442,0.122956743533426,0.00604559473431357,-0.00103209747725051,0.0270132795458368,0.0435043321589298,0.0353204610335261,0.0701003006182333,-0.000710346139212922,-0.0256522724403136,0.038764375417407,0.0232719804484948,0.0483201835209137,0.177136612066493,-0.00480804215765373,-0.00358257010931815,0.111428496335174,0.0132281370589163,0.0543112035685648,0.0240869742647824,0.0603182883460311,0.0039303738541042,0.0402019916447515,0.0552992466620976,0.142220560339005,0.00156028398161178,0.0371622958175528,-0.00154614435732934,0.0388929974128262,0.00879579701089632,0.00155879496223358,0.0732150526009967,0.0823825068283014,-0.0210174129385995,0.228348778844698,0.0483641191082208,0.0619643491549041,0.107404640528039,-0.00329354188165447,0.118510499795334,0.0564278170226122,0.00517682293287306,0.00160920862447153,0.0172650061003996,0.0152794938004322,0.0355700316364858,0.0304619755685651,0.0707090724136148,0.0551145620799277,0.0262232062126675,0.129333312820065,0.0573998218600705,0.00800607594303496,0.467328503745407,0.0340615426499152,0.0138794921594083,0.0139989328928125,-0.0192009266854771,0.11995071380138,0.00484192231985134,0.0120117707187534,0.0653307942233143,0.00203789295264472
"feat_6",0.043603032785979,0.0413433264011068,0.00428770811178348,0.0140589520335026,0.145355494222358,1,0.088013652236593,0.0128669290349268,-0.00937297824448185,0.0419400459297311,0.0145039002747624,0.0285879366452457,0.0362925140385705,-0.0273503782933643,-0.0183282540507052,0.0219339458739432,0.0154878936949298,0.0487097481901563,0.0384926186624015,0.0578134398153535,0.00804558397557033,0.0389393363015231,0.043650769724237,0.0821239661932745,-0.0233192962832842,0.00468036715034725,0.00194303346636731,0.0171323830198955,0.0023892825884608,0.196493045768401,0.0171119467106622,0.103698766478708,-0.0196169198137608,-0.0101994340254952,0.0157389757498269,0.0146732358806998,0.043212954290547,0.078087837795503,0.03347004461213,-0.018089974486093,0.0289295052773372,0.0207089302021042,0.0155151307162698,0.0650819647518132,0.0251330906429636,0.00189242056900203,0.0187356805930301,0.0131932100661274,0.0228643528117399,0.0271502912719591,0.0069024047126451,0.0309288691456683,0.00591435970042668,0.0313790550839422,0.0627648615982099,0.00401396280293623,0.0366549230796569,0.110743083207305,0.00128460544736872,0.022289203296354,-0.00222716470186596,0.022874349408823,0.0170497118592331,-0.00276428803631559,0.0668669092624783,0.0332851571322676,0.0382887278490685,0.0216191754195048,0.074836318855133,0.052401033977193,0.0119009741602925,-0.011090325666682,0.0250234655029903,0.0431603879991201,0.00695051015792244,0.0738670136979075,0.00650069575025017,0.0612499539328035,0.00994156812354715,0.0176484790138154,0.0441361115763265,0.0149074114142108,0.0351448400339681,0.177777083709548,0.0042901484653952,0.0104553499835464,0.0152564284751266,-0.0154367982993482,0.035041870247082,0.0540343023500356,0.0124646765692458,0.0154789123463139,0.00852144219749201
"feat_7",0.298951716664783,0.222386098032272,0.00129373663678943,0.0144898079396931,0.0750471364486358,0.088013652236593,1,0.0381208317263602,-0.0271459993305284,0.194257750639894,0.012418286299522,0.0562298457489974,0.199141750246044,-0.0446705980148432,-0.0357213877213608,0.0439571212849807,0.127245240594652,0.0989721203298462,0.0580710434933722,0.36497161650514,-0.0229075658709125,0.162620423863267,0.186462164974453,0.244813008583915,-0.0488201236400294,-0.00878246637744759,-0.0154288014189337,0.000998470768395512,0.0462310871748863,0.0505345785783413,0.0322905943756576,0.149537273470855,0.0086282771024331,-0.0221441768715307,0.0430009005097243,0.0797597894127564,0.141960268695567,0.315176855832781,0.053230312780867,-0.0397121491490788,0.0979710821183289,-0.0012195626540054,0.0102589693734623,0.213065989319721,0.0362624426413224,-0.0126434812765978,0.177081844584634,0.0561633371652012,0.124319917802554,0.140432718364531,0.0364928155873863,0.0061893137435765,0.0485440828491823,0.0796068755951699,0.343752205678279,-0.00314500143930702,0.0739685246052019,0.106202904587146,0.00962379427364048,0.0123360036562848,-0.00628437775041093,0.0254850500254319,0.0395849970201197,0.0111647624598005,0.202346066200236,0.12265996496923,0.148598171872724,0.0403093163920819,0.131429953394069,0.237906531406081,0.115812804618974,-0.0149211634060162,0.0228193038795813,0.0530594567838082,0.0398649668487062,0.375114077741091,0.00576916685674967,0.567083612312238,0.0667530138690789,0.0288599995851376,0.144307533844766,0.0220593337491288,0.282068761062842,0.0626344130393853,0.0378739134222417,-0.00916859291720875,0.0895740730708595,-0.0336455593515199,0.0635114138911725,0.129577670185248,0.0685061339161058,-0.0322614003402472,0.0349117676903509
"feat_8",0.0563205507962435,0.0198147735823059,-0.053461597125829,-0.0461840660471003,0.0358614274656981,0.0128669290349268,0.0381208317263602,1,-0.0392812126708884,-2.32995460077874e-05,-0.0659227860957847,0.0914235548049422,0.0953646512879893,-0.0617986733404392,-0.0569596493524572,-0.00465896901939226,0.173911817585098,0.087777143333016,0.0193874244095187,0.0625950702171088,-0.0410946889547181,0.0290323720628211,0.0127736066091773,0.161848446570106,-0.0369394494575959,-0.0415993619703308,-0.0502715518871668,-0.0366680563908634,0.104985036206342,0.00957373706729087,-0.0183419153031078,0.0179099123191536,0.0458218346035049,0.0153141893544016,-0.0240429198551944,0.606706773377085,0.119416696474016,0.0342866244369859,0.0719078013177646,-0.0448469387157732,0.0758542974044058,-0.00657837478652923,-0.00421401927789642,0.00173297224979663,0.0769817164102492,-0.0502462906158938,0.0150156540868021,0.104415836012154,-0.0191139468465242,0.00123105036731236,0.00951346277058553,-0.0286887554516499,0.0186735461153009,-0.02542132067834,0.063414771139679,0.00228513985815555,0.0119675290541958,0.0256743641549131,0.118223294907986,-0.0203277292154831,-0.0452029163379444,0.214716647122026,0.148672986576283,0.00319449309417205,0.0255436970933624,0.115175453911985,0.32094872700171,0.0753836988389478,0.0462575664957338,0.0230889949736557,0.0816640005565515,-0.0298677110347082,0.028999167178414,-0.000431022865554065,0.0314656389803022,0.0816816159333385,0.0274856112882655,0.0796230375793341,0.0837143832199449,-0.0383816358981042,0.0351020774612884,-0.0344087431783226,0.0334792070657247,0.00506386837453474,-0.00341623448726476,-0.0293949959602157,0.0599286031110213,-0.0509310062473519,0.00797370414564743,0.02680718888931,0.0959896171608921,0.013607819607035,0.00513134950530816
"feat_9",-0.0322849596519366,-0.0256300876816287,-0.0635512898888487,-0.0462497709670823,-0.0247078658203055,-0.00937297824448185,-0.0271459993305284,-0.0392812126708884,1,-0.0243225664285091,-0.0758201613441641,-0.0218851528523842,-0.0401636067634763,-0.110188202783458,0.00985784362485967,-0.0826636211489209,-0.0287091228757142,-0.0436418567545388,-0.000167168043585028,-0.0233966762458458,-0.028408653766494,-0.0623476120671879,0.00694018160366411,0.0736175339749935,-0.0252793208602751,-0.0664135522741939,-0.0425314923192331,-0.0555452806325277,-0.0213276855100967,-0.015830326734351,-0.0162273294855229,0.568417419656516,-0.0459370564832758,-0.0500454278996662,-0.0268786037460884,-0.0358743384959379,-0.0248681323422483,-0.0287657737360408,-0.0133541232900202,-0.0854911050551787,-0.0234463154198006,-0.0558504224005829,-0.0460326374724247,-0.0620230565680261,-0.0134045400479418,-0.0531749255535976,-0.0272536087652675,0.0773852043421776,-0.0422795462296606,0.00992462311604378,-0.0131814914402959,0.00979237205740071,-0.0300752720314831,-0.0784992954776627,-0.0421384212762645,-0.022639472745607,-0.0493353382031689,-0.0282902165220644,-0.021450576520659,-0.066332686423336,-0.0443428393459757,-0.0211379820302955,0.0130122901444044,0.702951359453161,-0.0381630816948397,-0.00177796768690837,0.176921015799908,-0.0121924621161721,-0.0293348018195067,-0.0562053871395927,0.0432858688577111,-0.0581473339270176,0.0226785015397501,0.0075939017595156,-0.0273131891488525,-0.0274243707256167,-0.0201853511938295,-0.0159216548832006,-0.0361163794758333,-0.0467208700347656,-0.00584680868794459,-0.0398059151160056,-0.0328749110891283,-0.0135693235230779,-0.0314624899231646,-0.0191441884390873,-0.0169246992105664,0.00115957905768584,-0.0191470085385495,-0.0206982303582593,-0.0147422479622959,-0.0697065588270975,-0.00603818355222722
"feat_10",0.0977764493592586,0.0519250119930077,0.0369438391793158,0.0595139644977865,0.0913238756300795,0.0419400459297311,0.194257750639894,-2.32995460077874e-05,-0.0243225664285091,1,0.00600991259695216,0.0489693763188484,0.0866817413771055,-0.0295979104167607,-0.0217003276008437,0.0639974162010085,0.0929587332456616,0.0716349198851029,0.00901530709851545,0.176373015375921,-0.00513416238743272,0.141405090049302,0.0966657953772784,0.0816835244960586,0.0097915542081341,-0.00372054874161672,-0.0015507816365407,0.0223488113248929,0.0682434991014857,0.0126225176141966,0.0385027744513165,0.0288117791916495,-0.00329168707956371,-0.0309412204290941,0.0517928628944089,0.00768673299514544,0.187068602478067,0.177523652050245,0.0422227989915965,-0.0386100055011908,0.0785328256351806,0.0240545473518509,0.111706233094647,0.222352503026142,0.00996013414887564,0.0135456338288439,0.0461079355809624,-0.00829691727082427,0.079449269533234,0.252350119011757,0.0140124860243999,0.00787873756214868,0.0828097183084461,0.0746365469351841,0.213002970393048,0.00978628256795149,0.0175248625485572,0.0209334227167611,0.0511891600284686,-0.000619450992795396,0.00439739698428734,0.0547325882682607,0.090421176924142,0.022536408678608,0.182755692679944,0.10072169619619,0.0431171530853368,0.00169341318397439,0.0773536068378026,0.322857140709819,0.104834263743487,0.00422529920078658,0.000240283848096039,0.0089123792181123,0.00382758909878907,0.106751636062271,0.0190685792306025,0.0917597807310396,0.113658620870603,0.0190423912547869,0.135927544326378,0.0297412046520562,0.0520246674456864,0.017938539663035,0.0867582884033788,0.159446952118972,0.0774211496340332,0.0546347640353365,0.061498248779374,0.0499083142608337,0.0240252325328832,-0.00686897196630454,0.041315544751349
"feat_11",-0.0429275525255092,0.1185337779396,0.596243007661645,0.389409225315786,0.00488226219268045,0.0145039002747624,0.012418286299522,-0.0659227860957847,-0.0758201613441641,0.00600991259695216,1,0.0533910497839697,0.00550040681512899,-0.151635296555946,-0.100254750965703,0.134924461063238,-0.0318072443470565,0.07961982733461,0.0336790227000623,-0.00564148809403888,0.324080221104697,0.154861104510442,0.0264996876524823,0.064213125282996,-0.206207445025507,0.191095097486193,0.599484208699571,0.422270940861665,-0.0210241470646776,0.00883166925377926,0.109760849735048,-0.00260954907350918,-0.130167823062065,-0.0687406258342234,0.108392034713486,-0.0475946070626602,-0.0114043700062979,0.0554829093231145,-0.0135558328629991,-0.133423992455439,-0.0384647774994773,-0.00235620513741381,-0.0273014758153258,0.17252312109938,-0.00614752058576636,0.579272147742506,-0.00487998086571369,-0.125103006980278,0.250990571384033,-0.0195198123791488,0.0404648638530831,0.2727379634977,-0.0528112779891655,0.49417974431117,0.0227225153006177,0.0332212681530755,-0.00730244867504642,0.179361486615913,-0.0396463895364497,-0.025990245739254,0.543858307029779,-0.0515537899202909,0.0134355839340183,-0.0828677746935562,0.0410135685744066,0.0507639401244035,-0.114943935487923,-0.0405881315199511,0.0106966248670541,-0.05053987952482,-0.0717172875888779,-0.0864955825290057,-0.00689279820598701,0.186560551994859,-0.0345133580886071,0.0213569849078107,-0.00806398312356785,-0.0098663449352667,-0.0244911560094734,0.561843224150615,0.00479473010256886,0.420361491690357,-0.000190166803714113,0.0177241719195676,-0.07429315173785,-0.123338673781721,-0.0329686894447396,-0.114491491213243,0.137373936316493,0.0450737212801545,-0.0295110755931045,0.0131791605902086,0.00332572996662137
"feat_12",0.0569340978840281,0.0901526974797719,0.0500369721399354,0.0574335611100402,0.0366676784053098,0.0285879366452457,0.0562298457489974,0.0914235548049422,-0.0218851528523842,0.0489693763188484,0.0533910497839697,1,0.115287957397551,-0.0216951117617083,0.0284073224595398,0.113804314755116,0.0314342377074755,0.100066208763479,0.0347479969253822,0.071224155510904,0.0482147129582461,0.119510558531336,0.0705610374073058,0.0855581878411808,-0.012281404313347,0.0423631136607612,0.0413767245452272,0.0534064194959263,0.0631052716431073,0.0132990102126902,0.0560519111324071,0.0175839055595562,0.0481454880866668,0.0182577263491134,0.0778338547533701,0.0632496956842434,0.0806051307613263,0.0976023463656466,0.00841700702316494,0.0164547701820635,0.0648537913763559,0.0289659947391239,0.00779041439898226,0.0914860909361434,0.00483821619081637,0.0421237105335339,0.0189299870319004,0.0355914185111211,0.0735204141994689,0.0419775864174159,0.0164392977080851,0.06852049522118,0.0183437997613222,0.102485804103534,0.0815041589709902,0.00766531808307247,0.0425179293336434,0.0825736876887941,0.0266835681575732,0.0270269091803387,0.0500798149812514,0.126326227598874,0.0387766471060719,-0.0126027062715629,0.121550020265142,0.0845914711998811,0.079377469423169,0.0148729323791184,0.0570744203401686,0.071629580353675,0.0286285207815464,0.0318883338377911,0.181833236682441,0.0870116248184814,0.0525363407109945,0.113920715912634,0.0214183206150626,0.0265253119843989,0.0366659423356041,0.064161765735258,0.052954009226875,0.0545709164115478,0.0365293707224679,0.00980718200204245,0.0192828347125885,-0.00721390981219946,0.016088994612333,-0.024324485069612,0.0822195713734145,0.0627208829090507,0.0639653926127512,0.0639222234977009,0.0127223926040352
"feat_13",0.139254426688671,0.157466719976686,0.0138699639160968,0.0289731675151576,0.0590809267503304,0.0362925140385705,0.199141750246044,0.0953646512879893,-0.0401636067634763,0.0866817413771055,0.00550040681512899,0.115287957397551,1,-0.0215551558266984,-0.032724670384168,0.0879920162630522,0.319351639518817,0.177439480949259,0.0429535735596666,0.194815709389946,-0.00509237003762061,0.209426509965494,0.0564625758567674,0.192248883365751,0.00601923942723543,0.0163347759376336,-0.0126570860838189,0.0159612882221475,0.1770283418865,0.0425034966573619,0.0245558458400114,0.0723002922230736,0.0486199153970112,0.004043218671889,0.0508809897681738,0.128211171810236,0.0778469542900476,0.191270898119596,0.0158398852892636,-0.0369705303735033,0.123191449489032,0.0362739585378516,-0.0265425471673635,0.162659488197421,0.0115458604161883,-0.00857920649368477,0.0831852993574582,0.0895562133629439,0.0755336408264182,0.0437742236589766,0.0219302343366822,0.00955317370776369,0.161233930765384,0.119940794142212,0.223363905972265,0.00206617970613498,0.0753965794261404,0.132569012870388,0.174172802969015,0.0461467868720065,-0.00995113965913932,0.164919672775089,0.0701088123681776,-0.00328625880752653,0.108566727624732,0.122272339412688,0.211334702384629,0.026881081524703,0.0866106484199399,0.145294460437627,0.0523365245758945,-0.00854260627521392,0.0309271506096462,0.0210720698050942,0.0224960643529608,0.189750736550287,0.178262504844852,0.224471652527854,0.233603577917947,0.010430768022388,0.0654231856137097,0.0100741908452436,0.115747476530929,0.0232211235021668,0.00259385561885783,0.00485005471250823,0.093869933260551,-0.0362588242680389,0.0629896351706014,0.107721699793328,0.0443375387260319,0.0719530035222631,0.0389889811449848
"feat_14",0.0635171177617367,-0.0700570885513729,-0.111104981251873,-0.0992148997189687,-0.037606804719942,-0.0273503782933643,-0.0446705980148432,-0.0617986733404392,-0.110188202783458,-0.0295979104167607,-0.151635296555946,-0.0216951117617083,-0.0215551558266984,1,-0.0395650330308009,0.0186396411923779,-0.0401478284317185,-0.0760346028512083,-0.0427477642494798,-0.0607752232695049,-0.00564496801971528,-0.0630869597138877,-0.0462839903258588,-0.118919683773423,0.557928742812501,-0.101570635582331,-0.093145855765125,-0.0972568270323729,-0.0278829712265926,-0.028993873971502,-0.0528958149426054,-0.141329781340044,0.258663557690411,-0.094933896059279,-0.0637963969946471,-0.0425499733321063,-0.0381706385013083,-0.0613078249514693,-0.00158237615206407,0.487803808213907,-0.0296496390385388,-0.0542317236580891,0.0732368518198503,-0.0612264738487125,0.0155006746173804,-0.0992956024159914,-0.0597361025910608,0.252005690625766,-0.0701336571491483,-0.0149217134410775,-0.0412617376536183,-0.0603351272550151,0.00680785708702767,-0.112305268045939,-0.0557318684203845,0.00443641194741413,-0.101382246391251,-0.0593631857095125,-0.0266934412541792,-0.118617986395553,-0.0938085288635898,-0.026821562311963,-0.0208373690802425,-0.0668000876751197,-0.0115173813162073,-0.0817086396625121,-0.0864038093357957,-0.076979101481357,-0.0583519797891221,0.0542256123694542,-0.0769347042206257,-0.022357624124761,-0.0401749861084675,-0.0334979463130456,-0.0790990947754024,-0.0588410552068802,0.00771421332652593,-0.041530211740383,-0.045473420902287,-0.104507279980635,-0.0373889508570459,-0.0840890473890898,-0.0706430478577764,-0.0270576397850887,-0.0214550388799861,0.145787439203234,-0.0202289599416144,0.323089161011089,-0.0388805498731343,-0.0602397639485557,-0.0384435876101688,-0.0401333486366037,-0.0181269635045424
"feat_15",-0.0457379529548749,-0.0487975139086557,-0.0652848072970547,-0.0512215538126464,-0.00699982606228517,-0.0183282540507052,-0.0357213877213608,-0.0569596493524572,0.00985784362485967,-0.0217003276008437,-0.100254750965703,0.0284073224595398,-0.032724670384168,-0.0395650330308009,1,0.344156603077923,-0.0459913376340636,-0.0447330105375226,-0.0320288724289695,-0.0342140571341153,0.0866860681269365,0.0561942189454984,-0.0290996810770662,-0.0628062904707246,0.00822804825490193,-0.0560352929268378,-0.045858676729343,-0.0445536542542078,-0.0222655416986742,-0.00780120113480127,-0.0291787226958837,-0.029319762092351,0.27312401966902,-0.04915739544881,-0.0333287723312799,-0.0581177681409815,-0.0407827577019598,0.00173030014302801,-0.0036198429079121,0.0693578948726483,-0.0263257791445365,-0.0453917116708307,0.0109287125966939,0.0431234319886614,0.0182447346780897,-0.0546326775741592,-0.0432142981444276,-0.0512389688516524,-0.0409786327390857,-0.020618866206199,-0.0245038916959999,-0.0220712151747317,-0.00616335039067479,0.0341752004423492,-0.040297179915477,-0.0225185249975823,-0.069909501797297,-0.0449200591752589,-0.0177730129754959,-0.0791521344167346,-0.0561688021387758,0.0979201688878677,0.018946690263305,0.0038484029281484,0.0349543536882713,-0.0184869790344467,-0.0524856041704671,-0.0490760526279402,-0.0529242890759501,0.118795340931756,-0.0338073914263843,0.764663623021739,-0.019194228446131,-0.0136318762548915,-0.0488938099408593,-0.0614858259279724,-0.0166734703689564,-0.0272001824815803,-0.0390334596521605,-0.0579482650148117,-0.0195569250279935,-0.0507024961585674,-0.0520896123916598,-0.00931061621814562,0.246847286164844,-0.00252895276317895,-0.0231911966196919,0.0108399076521427,0.0295466929592852,-0.0466163038830092,-0.034402251621888,-0.018206175817543,-0.0203687464051126
"feat_16",0.0270864392041152,0.108045555146276,0.221425591330151,0.211077977613167,0.0628772453569753,0.0219339458739432,0.0439571212849807,-0.00465896901939226,-0.0826636211489209,0.0639974162010085,0.134924461063238,0.113804314755116,0.0879920162630522,0.0186396411923779,0.344156603077923,1,0.0145665736403039,0.244848586145602,-0.00101101374930449,0.088638245336331,0.199338312235752,0.433153933825315,0.0372327965300928,-0.0164905643482663,0.039487248467444,0.187627462557926,0.118580288335333,0.235442748925265,0.142484724184443,0.0254190270371299,0.125445365456198,-0.0251999144168681,0.239344004229321,-0.0470322049009918,0.208736372413799,-0.0128289787399598,0.0407729544533367,0.193695720625267,0.0432273749859073,0.287289842098317,0.0796129111806894,0.142923683189295,0.0461058269629548,0.353285446267462,0.0418373180422747,0.179348416245962,0.0384388457930981,-0.0304149009148584,0.227799386753801,0.0589536863730923,0.0246745719555829,0.0931796509554941,0.0868202837623839,0.468766092448553,0.131217800958359,0.0219778912104606,0.0493732549759475,0.0189268623304749,0.0466326237701681,0.0431105578626904,0.150951771556221,0.337177250663042,0.104439664305037,-0.0430762703722298,0.18273490305138,0.289081532298293,-0.0277283257339795,0.0153514668106029,-0.0216987466486915,0.255739556641077,0.00159435673332335,0.394998246924306,-0.0262849987139153,0.034124727918489,-0.0595109876357792,-0.0154725209478816,0.129883511833377,-0.00396476877712805,0.0457034226251609,0.205392814416172,0.0763298530594628,0.168008351910951,0.0175576150456022,0.035211023280092,0.110849842625664,0.00361016867294069,0.0777704792100874,-0.00725743286035675,0.248363583654003,0.0168630151156435,0.0484937063861452,0.210498540380808,0.0314674145601221
"feat_17",0.0530041793760159,0.0749015003937227,-0.0230930477413839,-0.00755386667774499,0.0621967329872393,0.0154878936949298,0.127245240594652,0.173911817585098,-0.0287091228757142,0.0929587332456616,-0.0318072443470565,0.0314342377074755,0.319351639518817,-0.0401478284317185,-0.0459913376340636,0.0145665736403039,1,0.154258845653038,0.0373137910054684,0.261953632831239,-0.0400698418711342,0.157097808397138,0.133156950121508,0.257106189277357,-0.0349961655630401,-0.0044299844800255,-0.0364835678396788,-0.0200201198457245,0.135786581045686,0.0238376083829298,0.0288632370281496,0.10066614793609,0.0491504625002961,-0.0093843830923505,0.0266712201430746,0.199284423694098,0.0798528397811179,0.136263047888346,0.0619825074920317,-0.0716735021165885,0.153652521373385,0.0452064227506124,-0.0186599733001614,0.0857962733965391,0.0286808063716646,-0.0334662178600242,0.0176007124441136,0.102709856419262,0.0498873511778225,0.0816845500875135,0.0767796471125519,-0.00459912509188436,0.0187290347118089,0.0337211013526569,0.163377072810963,-0.0120854992134156,0.173168884079702,0.040369639583435,0.0587970590581601,0.0909626470695873,-0.0300374497722776,0.105503802545782,0.032391428145935,0.0215505177319011,0.0727327967047465,0.165143105637314,0.306513114540031,0.0388162409811198,0.100655562673295,0.108789267890843,0.150285589515045,-0.0231027534408691,0.00282646618994474,0.00177000431896298,0.0255056177538467,0.134840800193655,0.0996645134520971,0.0695386366301004,0.114670034088843,-0.0151926392201429,0.123831406253464,-0.0127344457906328,0.113986773613903,0.000334214865772559,0.0155588931417739,0.0491023924792662,0.214220589851508,-0.0341391720840618,0.0353903226011265,0.0452180285298295,0.0885080976056897,-0.00653848759302954,0.0566949420766594
"feat_18",0.0848562359389609,0.242715963458008,0.115655342604987,0.214895224071596,0.0521859189062891,0.0487097481901563,0.0989721203298462,0.087777143333016,-0.0436418567545388,0.0716349198851029,0.07961982733461,0.100066208763479,0.177439480949259,-0.0760346028512083,-0.0447330105375226,0.244848586145602,0.154258845653038,1,0.0365297927167199,0.204009997060201,0.0432717576717646,0.364125182593615,0.0984660729055127,0.13475217807876,-0.0631392852127099,0.234748380458384,0.0433580983686244,0.163886467704106,0.118085805661305,0.0183565416812632,0.234089957501836,0.0185121848711157,0.0330704198238053,-0.020360678378706,0.380594704015416,0.0767726739507081,0.0625208050182341,0.248948647631685,0.0580474667600175,-0.0241247280245843,0.104176252747482,0.229793838079286,0.00707295458401321,0.265707614210088,0.0385755806113543,0.0597493004530781,0.0727569143117426,0.0196317251254729,0.346609324345195,0.0747584720822926,0.114753619519457,0.107742836846527,0.0424121731471942,0.272898118028454,0.183218056125925,0.0143453537346172,0.284435129086797,0.0489797504539014,0.0990729057708883,0.234885017968971,0.0847454915449232,0.197339415462907,0.119569035376865,-0.00192173038789462,0.114909523607485,0.285666799925263,0.108521316872625,0.0781239332820838,0.0719256384964958,0.169237590478949,0.0749814952147833,-0.00219025479680093,-0.00866784365530844,0.0382776685775954,-0.0117904275637506,0.0592793960333446,0.102683683095957,0.0429583989936241,0.0803896809936445,0.182025474658507,0.135913692211587,0.156175828182526,0.0851163465986629,0.0287516915597094,-0.00155483862366515,-0.0292953745443889,0.126885746037726,-0.0359805338937323,0.247462435544344,0.094336490797023,0.0372753812319261,0.126639803426642,0.0581004036852813
"feat_19",0.0023024988285444,0.176654851901831,-0.0122284493676267,-3.51910676290241e-07,-0.00855596579859384,0.0384926186624015,0.0580710434933722,0.0193874244095187,-0.000167168043585028,0.00901530709851545,0.0336790227000623,0.0347479969253822,0.0429535735596666,-0.0427477642494798,-0.0320288724289695,-0.00101101374930449,0.0373137910054684,0.0365297927167199,1,0.105427874256115,-0.0241222409265179,0.0190883225449588,0.10002755698357,0.290475092903487,-0.0651121214932433,-0.0211692056059615,-0.018954315237277,-0.0188581660737462,-0.0107864100644139,0.0062450082541627,0.0325507736668114,0.115505879610945,-0.040924045383061,-0.0223111368924532,0.0406169823444734,-0.010993175121567,0.0676291435391265,0.246811294546991,0.00646816687366099,-0.0425876660906926,0.025658262808171,-0.0247685229606701,-0.0144690236383138,0.0420205809678915,0.00641592654483381,-0.0188002355967302,-0.0120643860082675,0.0383936861184048,0.0196068171262077,0.0562992245946603,0.00486769650718021,0.0171262395874099,-0.0137563143613741,0.000260327411771342,0.0180459240212022,0.00882371099631951,0.0261942845058928,0.234502645011123,-0.00837787646814284,-0.00203935124705237,-0.0146329411015923,-0.0147135451875718,0.0122084526930181,-0.0169858791889529,0.0157971764821905,0.0307874938430792,0.0358755182915681,-0.0051285056099388,0.397620732168588,0.031171298243504,-0.0208711072468006,-0.0225836352782359,0.0568369207552574,0.0226139649705251,0.0363566650152827,0.179547537452413,-0.00795054727557427,0.00620355070728661,0.0124985646295012,-0.00239145579545872,0.000812469276763901,-0.00687932573726741,0.056720928173667,-0.00284674135696352,-0.00829239095369987,-0.0145598646392674,0.000411632424341427,-0.0184849128542391,0.0111159522576536,0.450925418792289,0.00408539271134535,-0.0276615330749855,0.0142426671647373
"feat_20",0.0705114876505186,0.449160384412864,-0.0110694689509459,0.0446565705512147,0.046200269275354,0.0578134398153535,0.36497161650514,0.0625950702171088,-0.0233966762458458,0.176373015375921,-0.00564148809403888,0.071224155510904,0.194815709389946,-0.0607752232695049,-0.0342140571341153,0.088638245336331,0.261953632831239,0.204009997060201,0.105427874256115,1,-0.0378845837688283,0.244536575265453,0.225089261094685,0.34426995439714,-0.0704390780668481,-0.0047275153866828,-0.0385833128601004,-0.00305790320159471,0.0596706106074454,0.0152887667834556,0.123437817155382,0.162072563084797,0.0436881080019264,-0.0380955739939147,0.153164999252056,0.0792989833021124,0.196200153687285,0.489655438470924,0.085461780818533,-0.0628037076735078,0.190383030874003,0.0395428590608513,0.0437719423799807,0.239185690485339,0.0462583494711378,-0.0320595991863996,0.103850419422227,0.0498801739566657,0.194854111284283,0.240262503172961,0.0730812897059644,0.0333632443304791,0.028131004552584,0.0969775896071142,0.254142172772905,0.0129532882853511,0.136075632023128,0.310481309331346,0.0207459783668575,0.0366487075307681,-0.0271349538063258,0.0824773857097295,0.0472873432814006,0.0588623737938928,0.143264878505399,0.215575974083373,0.199390912043089,0.0117702408816069,0.348326580775228,0.316435639033682,0.0986330782281564,0.0122456182793152,0.0299602211265973,0.0337263406102971,0.0538976176742786,0.359595876416245,0.0170773631558498,0.19640045752753,0.0740684574593884,0.0256979070911867,0.144702550585124,0.0234690587503481,0.36480349582252,0.0017234342938185,0.0845698152044667,0.0168502878129217,0.220475407355486,0.00408119167015243,0.111231467723086,0.370281706661035,0.0791812010085462,-0.018714924663877,0.110053522425025
"feat_21",-0.0270256006076462,0.0141128974642016,0.354924691160674,0.232922686582837,0.00328793943869901,0.00804558397557033,-0.0229075658709125,-0.0410946889547181,-0.028408653766494,-0.00513416238743272,0.324080221104697,0.0482147129582461,-0.00509237003762061,-0.00564496801971528,0.0866860681269365,0.199338312235752,-0.0400698418711342,0.0432717576717646,-0.0241222409265179,-0.0378845837688283,1,0.11865654305602,-0.00617399233218362,-0.041367149066165,-0.0460662403978723,0.113373630171106,0.376263779577828,0.255093045540096,-0.0145846087298627,-0.00402617844334977,0.0905871872112693,-0.0417790065869669,0.027701451203187,-0.0267394485494812,0.0930709300444258,-0.0366435482435104,-0.00656690431483807,0.0140563241623856,-0.0159444666207895,0.0418150496660171,-0.018626890011025,-0.00924365756315776,0.00112600204277903,0.0945071365310848,-0.0119015877606075,0.381266321446066,-0.0197924694479527,-0.050540840102112,0.0932353378352647,-0.0208469229417121,0.0203416709203098,0.230006986947358,0.00290900688985292,0.318331821512438,-0.00332585726810482,0.0262846756867219,-0.0228757429503802,0.00476068963461608,-0.0242094343201353,-0.0327507740919998,0.298306808585504,0.037588270713177,0.0158948056917283,-0.0358625328191841,0.0447018394068016,0.022227999552544,-0.0759655660587738,-0.0162562230714011,-0.0443779978137053,-0.00758929030910075,-0.0403610848927419,0.0726929008010097,-0.0098699538279723,0.123214564388187,-0.0476566051577749,-0.0416374637683479,0.000131882584493504,-0.0277419211291085,-0.0160709735791916,0.279617762128605,-0.00405172456889084,0.221444262406326,-0.031940110096066,-0.00470178828929421,-0.00617983135759265,-0.0455623267225664,-0.0168620392523987,-0.0304013413207655,0.105392218796435,-0.0331927896133353,-0.0197788205964864,0.0580083151987367,-0.00767680428047933
"feat_22",0.0632831092250776,0.215105663080336,0.251081508349517,0.24773775658,0.0751611114043007,0.0389393363015231,0.162620423863267,0.0290323720628211,-0.0623476120671879,0.141405090049302,0.154861104510442,0.119510558531336,0.209426509965494,-0.0630869597138877,0.0561942189454984,0.433153933825315,0.157097808397138,0.364125182593615,0.0190883225449588,0.244536575265453,0.11865654305602,1,0.0842679225691823,0.0885804568712855,-0.0474326013002932,0.234156474329428,0.112099028175898,0.253811848750898,0.235942235151522,0.0159124406365624,0.14882879917557,0.023852518348442,0.0832948892514624,-0.0430864250244539,0.255824608627592,0.0444525662884224,0.0651204502030818,0.253535282809395,0.0527262852176282,0.0180024347807464,0.128976623355664,0.238647351868687,-0.00984365725439889,0.416059111425553,0.0342952111323137,0.17109601418385,0.135443198633286,0.00261895813123602,0.307541572119521,0.122040300908814,0.0568187834026384,0.0811171715728987,0.0891612901874494,0.50216780965241,0.33989265851145,0.00345707846354982,0.185502624899244,0.0571716810468087,0.0431269293233572,0.166049002546551,0.136120214838794,0.319551281933948,0.105657344533652,-0.0175473712487261,0.180555929401159,0.382384612949227,0.0613151604670372,0.0365372210503759,0.0450543207119913,0.23184779346551,0.0724542036979957,0.113099775543736,-0.0125464426552149,0.0402425382418285,-0.0208388539945948,0.0605223734648034,0.132589532086194,0.0842167437746003,0.0939924813961922,0.189565034883361,0.155515361280433,0.177254749610614,0.0836394965611955,0.0415191283808789,0.0443962620376754,-0.0183468667974348,0.219973993793297,-0.0454393101780091,0.244778664969492,0.0985952411452792,0.104921147125662,0.200592924545548,0.113275784752372
